[0.33333333333333326,0.33333333333333326]>[-1.0,-1.0] [1.0,1.0]
[-0.9876543209876543,0.9876543209876543]>[0.33333333333333326,0.33333333333333326] [-0.9876543209876543,0.9876543209876543]
[-0.9876543209876543,0.9876543209876543]>[-0.9876543209876543,0.9876543209876543] [0.9876543209876543,-0.9876543209876543]
[-0.7566519728671055,0.7358337806608435]>[-0.9876543209876543,0.9876543209876543] [-0.016460905349794275,-0.6748971193415638]
[-0.9814351900157842,0.8036823816416307]>[-0.7566519728671055,0.7358337806608435] [-0.9986282578875171,-0.1152263374485597]
[-0.9814351900157842,0.8036823816416307]>[-0.9814351900157842,0.8036823816416307] [0.9995427526291722,-0.13077274805669858]
[-0.9814351900157842,0.8036823816416307]>[-0.9814351900157842,0.8036823816416307] [0.0036579789666209006,0.9995427526291722]
[-0.9814351900157842,0.8036823816416307]>[-0.9814351900157842,0.8036823816416307] [-0.3100137174211248,0.04389574759945103]
[-0.9087212833541489,0.7292049300963597]>[-0.9814351900157842,0.8036823816416307] [0.5185185185185182,-0.4636488340192044]
[-0.9087212833541489,0.7292049300963597]>[-0.9087212833541489,0.7292049300963597] [0.9998475842097241,0.43804298125285746]
